[13753856, 17944040]
[8806912, 20868416]
[4868225, 11036103]
[9831937, 19270324]
[13645955, 9895260]
[10887812, 8222750]
[11167492, 4150431]
[9764870, 12604286]
[9138439, 2564677]
[13153738, 27812588]
[5097802, 27634521]
[507790, 15199132]
[4615633, 3610013]
[7976017, 2570437]
[6203989, 15916537]
[8638870, 34302898]
[4539866, 3308012]
[8379229, 7621807]
[10225310, 27773475]
[6539107, 20121976]
[1135396, 13917532]
[3439912, 1329924]
[910697, 1575191]
[4294441, 20217317]
[11432555, 19825296]
[13902829, 9666946]
[5416624, 44535418]
[14388404, 3905124]
[10408310, 9681385]
[9951671, 3341446]
[9518203, 42017230]
[14076412, 10603241]
[5858044, 22601959]
[3461887, 44967756]
[11836480, 56569886]
[1079105, 26899468]
[4467913, 853700]
[6664012, 26861162]
[12036046, 11738365]
[14367695, 4314325]
[8235539, 12140881]
[13246739, 7211865]
[8436371, 7086400]
[12878164, 19367361]
[13004693, 66462082]
[4197271, 23446242]
[13535639, 18240942]
[3146776, 57296796]
[1615835, 17461352]
[6158492, 21351790]
[4336669, 19041060]
[10088800, 3850966]
[7580896, 22658331]
[12450274, 13753864]
[6377318, 23538969]
[3346024, 11980293]
[14802280, 17909099]
[9193069, 5641425]
[3182191, 687446]
[5424625, 12058932]
[8214322, 9066823]
[709045, 3181726]
[9093175, 29926167]
[1107386, 53315498]
[1102589, 17155716]
[12661438, 42566486]
[8435582, 18245558]
[355966, 12324616]
[8265727, 12318670]
[9639488, 22962576]
[4031110, 19374066]
[11928710, 10650958]
[10892552, 7547807]
[1962251, 19560916]
[838669, 9135280]
[7204813, 19390465]
[13419086, 20009516]
[7046032, 17182798]
[7351760, 13570422]
[1976081, 7847849]
[9889426, 9620170]
[3493714, 17271693]
[9497171, 6743072]
[7776148, 16570981]
[7158421, 8574660]
[13699606, 13034852]
[2947415, 29988187]
[10657435, 26016950]
[14710045, 10751411]
[575773, 14379112]
[9205534, 4103279]
[7585445, 16898094]
[14884645, 22659320]
[6109993, 7593869]
[11453354, 8051907]
[14990314, 23132408]
[12435562, 25249339]
[2368813, 29245583]
[10894319, 11838750]
[12314804, 18001659]
[12046709, 15169024]
[11205046, 22781041]
[9105271, 62816646]
[3463480, 21000320]
[14008952, 2630842]
[10914233, 4756550]
[13707449, 6313226]
[3786940, 6029086]
[4650943, 86232726]
[1115842, 29935466]
[4253443, 7983589]
[11185795, 8882808]
[7114756, 13520129]
[9438151, 31515308]
[9482503, 3019565]
[6543304, 19272339]
[3915913, 36014326]
[2006857, 15703382]
[14016011, 2361358]
[14741713, 15132316]
[6829843, 7154084]
[1336213, 66777852]
[104470, 12323044]
[98074, 471571]
[13457051, 5825017]
[4403675, 33052410]
[10876828, 31985594]
[13247132, 16226754]
[4553440, 52760794]
[12847649, 23515417]
[13086562, 41027270]
[8271781, 13382350]
[4385384, 21299190]
[4488169, 6793410]
[6645289, 889080]
[949610, 4443140]
[10545322, 10190502]
[12874799, 25193676]
[3670322, 14921815]
[11307508, 9049915]
[7209205, 3175402]
[2292917, 69985054]
[8325815, 10784639]
[11334904, 18921615]
[10722808, 12062008]
[14737144, 19607342]
[6961786, 16900950]
[11248508, 44334864]
[11026045, 3967391]
[13379327, 4398765]
[11841280, 6939243]
[6590080, 10197994]
[12442946, 1253085]
[3824963, 12394632]
[4901444, 26603225]
[12603463, 37280972]
[14732935, 21970225]
[2404618, 13790369]
[1256270, 34340026]
[1559698, 20029572]
[10827221, 352520]
[3058775, 35058427]
[11941145, 10566109]
[6745882, 40694970]
[5004253, 18050160]
[10812829, 21975518]
[3499999, 22177961]
[11345056, 8504509]
[13795042, 24617178]
[4219747, 21191814]
[4540324, 14590364]
[14834599, 12074658]
[12006376, 11239316]
[916652, 24329410]
[4273453, 20953670]
[14767855, 28164838]
[144367, 31145478]
[13121008, 22935248]
[2815537, 59388312]
[13755250, 49289837]
[13244087, 9341740]
[10255351, 7757789]
[13775416, 290274]
[3555898, 3454969]
[1677050, 5315853]
[1229116, 17367546]
[1213372, 13680771]
[12350909, 23316855]
[8230462, 29226654]
[12391039, 20226964]
[5876164, 19815452]
[13598660, 15746559]
[1420357, 7917649]
[10577477, 5639326]
[668422, 11597226]
[6157643, 4429001]
[12122317, 2774530]
[12617614, 16751179]
[4426063, 15995450]
[4921679, 3649123]
[8883793, 20886306]
[5393300, 7662993]
[1783639, 6629372]
[10076890, 28202485]
[12779485, 19630488]
[2416927, 35898238]
[10236703, 17986612]
[11628640, 4623738]
[5632418, 27196168]
[6059426, 20703604]
[7298212, 8594959]
[2017060, 25614947]
[4600873, 35625716]
[6533737, 572769]
[10099561, 20937025]
[12752747, 14726848]
[14462764, 11591722]
[10443886, 20795118]
[2047792, 7627512]
[10606579, 7641741]
[5884150, 42482142]
[4909369, 19006175]
[4981691, 10887308]
[1502587, 22759311]
[1598332, 10889208]
[1452862, 22141096]
[1111039, 9181754]
[1558852, 35882360]
[1529293, 4767866]
[4777229, 22542944]
[8034638, 22592127]
[10360463, 5356629]
[11365330, 19482887]
[9036691, 5267417]
[12131476, 54588408]
[13884436, 29117268]
[14040214, 3726784]
[11733208, 1704939]
[2106841, 9747632]
[1736665, 22033428]
[7334938, 9645503]
[13869148, 5976695]
[14288797, 59371826]
[3216031, 2856202]
[14656991, 28053017]
[7157090, 7594376]
[7371430, 14969078]
[1328230, 15533036]
[12718760, 13029749]
[12461741, 16727117]
[260398, 2509511]
[11388016, 20494795]
[7871408, 30946086]
[688882, 26806742]
[9265012, 15893999]
[2260534, 15369043]
[11390455, 2904812]
[1686263, 20814189]
[11297720, 23910267]
[8010745, 1534098]
[1648313, 17383418]
[9587387, 8836786]
[3752957, 30124302]
[7956541, 23434225]
[10712639, 9722352]
[7929985, 22238320]
[12774146, 45343512]
[3492998, 10802466]
[1077913, 22813870]
[5563294, 12731638]
[13517474, 12665849]
[12728482, 31195720]
[6597412, 10788180]
[8780452, 28227173]
[8492710, 19803180]
[13758631, 14058283]
[6270632, 29722304]
[1115561, 43326668]
[866219, 15365397]
[13876781, 13092526]
[7522099, 19021951]
[89140, 1225012]
[13419316, 15094929]
[1881140, 10569638]
[9393845, 50959186]
[4010549, 3764340]
[10872122, 24453568]
[1166269, 10487038]
[5885887, 14875162]
[7053503, 20841304]
[11290175, 10079874]
[1551424, 43046088]
[2814656, 12037166]
[634432, 17366086]
[4458817, 14985411]
[10358339, 6415116]
[4932298, 26043708]
[8788555, 1822527]
[35021, 34017000]
[14130770, 7581807]
[3090259, 5863313]
[3563992, 8654731]
[1777624, 6196040]
[3759577, 23254223]
[14467036, 7493915]
[8451947, 936370]
[3633772, 6538911]
[5571181, 40902464]
[7568239, 135741]
[10598000, 39744576]
[13154416, 16887042]
[13096820, 4007101]
[8931583, 16704377]
[4926847, 17815366]
[6815744, 10855890]
[6173698, 4542656]
[13298626, 10832777]
[14972101, 3905060]
[3956743, 26164205]
[13148359, 8965095]
[987209, 5199342]
[2925133, 10194972]
[4454479, 16978274]
[2854672, 8267051]
[7631377, 6938048]
[7289300, 9774160]
[4310485, 29100024]
[9977305, 15152562]
[6417115, 26228423]
[7845979, 1882270]
[14378716, 23460280]
[10176349, 19432486]
[4347997, 19775824]
[6682717, 7540425]
[2113567, 37237210]
[14026399, 10472626]
[5794081, 4703844]
[7281125, 2611625]
[14928616, 10894450]
[9027433, 7983827]
[11890795, 2779318]
[3594988, 5881289]
[3577645, 25033622]
[10313837, 5573861]
[609070, 25741998]
[4806511, 78221728]
[3897136, 27077422]
[14963824, 24140370]
[2362423, 29515847]
[8791801, 20218082]
[10727161, 16404733]
[4369403, 27024269]
[8038012, 22624495]
[10043068, 15994691]
[12429757, 5100293]
[140354, 5416697]
[3892291, 22372331]
[10612423, 12058746]
[741704, 14654902]
[8951624, 3561976]
[2602123, 13678083]
[6107917, 17571821]
[8028814, 13953699]
[12478738, 60645622]
[8694550, 18639999]
[13992472, 24365430]
[6780568, 33763678]
[11007323, 30671436]
[12313820, 25123494]
[13708061, 7666925]
[13381342, 4513954]
[14581985, 12422165]
[179300, 17469882]
[3939301, 21665501]
[7377383, 1510753]
[5726119, 16180902]
[12119720, 16016142]
[8226985, 1978617]
[9688297, 12093187]
[11778220, 28872612]
[8504428, 24836567]
[6360880, 2735550]
[14368561, 21084969]
[7319539, 4900135]
[1295540, 13733104]
[14241719, 20247321]
[2193337, 6861600]
[661882, 29120814]
[13449596, 29397780]
[13904254, 26352020]
[2014720, 34531950]
[4598464, 8070976]
[566786, 9964233]
[3396034, 27876169]
[1651139, 49184392]
[1294531, 4326655]
[11623876, 9374034]
[5873540, 22163190]
[1019140, 21013176]
[5674054, 16406519]
[3454790, 12043790]
[2425543, 14721151]
[6455371, 4830704]
[8156942, 31483853]
[9263566, 15407356]
[1289486, 10843676]
[13041553, 30091413]
[6391123, 17738016]
[10187989, 24827144]
[14955736, 6947740]
[12501596, 8135482]
[7739936, 42639598]
[5554529, 31015234]
[14355875, 13142028]
[4655459, 25047142]
[570148, 24082135]
[12677606, 25368116]
[5111206, 23159335]
[14573677, 12544375]
[10646191, 7854530]
[724592, 21257982]
[2614900, 6317857]
[11250616, 20371077]
[12794491, 29343818]
[4028, 16037165]
[9101437, 13837968]
[7868030, 50844266]
[2501950, 12626141]
[9114625, 11524653]
[11438273, 4050887]
[4739011, 23004338]
[3236420, 12999417]
[7172614, 7911461]
[3759943, 8526104]
[13375570, 8347678]
[6575122, 11206328]
[8010259, 7114334]
[10857556, 26093387]
[3262036, 24236836]
[13974167, 19995744]
[11429911, 8060583]
[12446045, 11702529]
[7070500, 10849663]
[12530404, 12642262]
[981668, 2821349]
[3368998, 15265877]
[10718054, 16526363]
[13041767, 20208037]
[4447015, 8229798]
[14503720, 7448616]
[3058862, 19442844]
[9818545, 5156234]
[8857969, 4798834]
[11991541, 17411951]
[472949, 7044887]
[5664247, 23941528]
[14295352, 23895269]
[1760126, 19358078]
[1177343, 5712622]
[8215105, 32309241]
[13625026, 8568511]
[5348675, 42936394]
[10536196, 25761597]
[14380676, 796605]
[10066181, 9500123]
[1311877, 20032799]
[930632, 21720786]
[10561289, 30608478]
[8758475, 20845933]
[1459151, 11874720]
[13345423, 23869401]
[11592341, 36241746]
[4947862, 17291789]
[5339926, 16110462]
[2530711, 9607501]
[2632024, 13529117]
[12518618, 18997334]
[11737882, 27230609]
[13202908, 11851970]
[13444189, 26157923]
[8707552, 34685198]
[2914853, 4652876]
[6697829, 2613976]
[6109093, 26439825]
[14397742, 61696210]
[14154415, 28478916]
[3169073, 967230]
[12692404, 13187266]
[4518772, 17299449]
[2287924, 28352179]
[7407349, 46064076]
[5819701, 32083706]
[10540534, 5744572]
[13398262, 14430661]
[4185601, 8743850]
[9146689, 143198]
[176516, 18876368]
[4622788, 1142433]
[234245, 16325449]
[10784005, 16965840]
[1453769, 14244200]
[3115213, 5128170]
[2702095, 10529012]
[11129173, 160637]
[13237079, 8497749]
[3164377, 8137930]
[10163482, 23218460]
[2691802, 31962863]
[13265884, 50021298]
[14458909, 14206856]
[12152866, 18652443]
[7313764, 22714956]
[2310314, 10615770]
[5135210, 6868200]
[13627760, 25168261]
[5288560, 12691378]
[10128049, 6031601]
[12725746, 7502084]
[2095282, 10046683]
[4497781, 17675342]
[2132086, 16836269]
[581303, 23123386]
[12094777, 41748446]
[5637049, 11125137]
[12744442, 2191210]
[12443899, 29933723]
[7551292, 20623808]
[2280322, 32501966]
[14136901, 6682386]
[10786376, 4860295]
[7961419, 19009121]
[1463950, 16669695]
[6788240, 12163169]
[5487697, 17656294]
[10714387, 5831152]
[7255321, 6521431]
[213338, 7964692]
[14946715, 9823607]
[14726749, 26963957]
[10770271, 52914300]
[12263524, 6192341]
[2394532, 18358470]
[12803429, 8970495]
[13383335, 22374414]
[2390506, 10713059]
[3392494, 18105431]
[10223089, 4513930]
[6132661, 2465414]
[12197368, 28002336]
[14144633, 8481985]
[8941307, 25814239]
[12579643, 27581780]
[1341308, 7182072]
[4650172, 26967361]
[11372029, 5887877]
[336383, 58467660]
[9600193, 19020658]
[5211778, 17569370]
[5811395, 32773440]
[5636740, 23436254]
[2554822, 6641804]
[6339016, 16964269]
[14060683, 21206273]
[5529355, 13061002]
[5768525, 77498654]
[13773136, 13595960]
[9596242, 14191961]
[6394324, 15339240]
[14035990, 26222749]
[13322455, 22324096]
[8959963, 28461770]
[11411614, 9240097]
[2569186, 25407067]
[5811682, 9718823]
[9234280, 5006907]
[9428137, 3654480]
[12798505, 20995700]
[5666794, 25097870]
[225067, 18470056]
[4174699, 188415]
[8456107, 8995698]
[7271020, 23761325]
[6973934, 2228261]
[2634223, 16071516]
[5684719, 14410184]
[775154, 28786912]
[10628146, 9081284]
[11737459, 21593982]
[12690805, 33051654]
[12475829, 19065827]
[13543157, 20025403]
[2766778, 15412679]
[11120573, 5715436]
[11521342, 13524768]
[9207679, 12910674]
[1926208, 3843444]
[2702080, 26696513]
[10241537, 29677216]
[8504066, 3706770]
[5029123, 7493805]
[14871556, 10064066]
[11706695, 12436789]
[12296905, 14423946]
[4665676, 20321480]
[5691148, 3461856]
[9708686, 22456871]
[2877523, 4997845]
[1905619, 21210323]
[640468, 20392272]
[9983765, 9508012]
[2652758, 12147268]
[2198362, 31205270]
[2727067, 21156184]
[5266459, 42157952]
[13333277, 24219217]
[4939357, 13771925]
[7794206, 18444815]
[461792, 22006861]
[14367265, 24747820]
[14992291, 13337225]
[6299429, 1816257]
[1624166, 1012168]
[9968614, 15721768]
[3864616, 17173372]
[11823080, 14547169]
[12032425, 15470277]
[11355242, 20891232]
[12460972, 4614083]
[13418029, 17595843]
[2954864, 7522197]
[4866482, 28429843]
[14609783, 4053652]
[12992441, 1443853]
[6468602, 5538971]
[3780476, 9169239]
[2543038, 42399298]
[10181822, 22905150]
[7832447, 8354145]
[3650114, 32339312]
[5615299, 8800121]
[8673412, 51880798]
[3485956, 19754620]
[6305926, 16766974]
[3178822, 2117832]
[9851974, 17313534]
[9708103, 47361808]
[14418439, 9191848]
[11499784, 32333348]
[229579, 12050642]
[4326731, 3451240]
[6230477, 12063232]
[4113103, 9261865]
[2968208, 26131803]
[1430354, 16260899]
[10922962, 21304621]
[9080149, 13932218]
[7952534, 26536043]
[11695258, 12893450]
[10820123, 23475023]
[9924829, 26449154]
[5118941, 15842995]
[408289, 40859194]
[8061218, 47290216]
[6304355, 22831856]
[7655075, 15637893]
[4549733, 1513327]
[8821861, 13534348]
[9532589, 13274400]
[7674926, 4484875]
[7788335, 6297210]
[9950959, 12870857]
[6543664, 25365841]
[2361079, 35998493]
[3223484, 11739742]
[2501185, 46034682]
[2223745, 20242804]
[5664706, 6779218]
[13678978, 13584736]
[2432962, 18416780]
[5384962, 7920143]
[10531651, 19083784]
[9325955, 53858464]
[6876803, 5165497]
[3055747, 14516867]
[4906312, 22746007]
[14414728, 7564970]
[1018508, 16362445]
[12692236, 18291544]
[9672718, 30661691]
[13461710, 3699078]
[12084559, 28917496]
[13686544, 48264892]
[12726352, 11455167]
[22609, 2755974]
[5490322, 20696441]
[11825108, 3788038]
[11393302, 39526040]
[2824471, 14689779]
[823835, 18509547]
[3832159, 18588252]
[3308896, 50600522]
[11685154, 12562258]
[6754660, 15407478]
[13782823, 5140041]
[12285481, 16833978]
[8908457, 18884253]
[2590058, 24092198]
[7161835, 19555469]
[2655341, 12601091]
[8337268, 21205404]
[1862455, 8846995]
[8280697, 21014699]
[11924539, 15131440]
[6463679, 28131383]
[7426564, 10642392]
[9789829, 13440897]
[13563658, 21982900]
[9480397, 13741520]
[14125966, 19659418]
[9123856, 23218297]
[11951506, 15241492]
[9819730, 9182331]
[12846740, 6946207]
[10184788, 434144]
[10175126, 19918053]
[13316632, 26902337]
[14134682, 6218039]
[13175194, 6616351]
[11178847, 19367141]
[511333, 46707536]
[9650341, 22890070]
[1197160, 47724930]
[14642024, 54181830]
[14719402, 21977854]
[12726061, 37969170]
[4420333, 14625291]
[6527726, 22340990]
[5419567, 18459727]
[1641010, 13156647]
[11958899, 12239774]
[11603893, 30622934]
[9931576, 12367029]
[12793927, 10804450]
[4732553, 14782419]
[64841, 7485380]
[4380362, 19193280]
[12542671, 14493274]
[6811088, 18158199]
[9858643, 27529277]
[13567189, 10728844]
[8351189, 3078130]
[9500182, 4304353]
[8676439, 26250341]
[703832, 17145710]
[8013851, 9371690]
[229084, 13221114]
[10002023, 10339832]
[8376232, 19650533]
[7889323, 7365625]
[8328683, 3234080]
[1031470, 66412578]
[6204082, 451947]
[14334391, 5627550]
[5913208, 16337044]
[2969851, 5407745]
[11148859, 13980058]
[8265532, 13301951]
[2032253, 40790440]
[14914813, 22057590]
[4283965, 10125709]
[211583, 19750841]
[6220160, 39330630]
[14436293, 12974589]
[13425739, 27669503]
[4901584, 30677139]
[4215377, 12811312]
[5704018, 28750000]
[6356114, 11306880]
[13355218, 12586056]
[1900628, 1749402]
[10654037, 10076028]
[8611993, 38817448]
[5953505, 12132594]
[8222564, 17180904]
[10040932, 19027703]
[7934245, 9522862]
[10053478, 21329150]
[12143782, 19676022]
[4870054, 11361840]
[11918440, 4330980]
[12511981, 11904408]
[6446959, 31782268]
[672821, 5251828]
[5023606, 25641566]
[12719671, 11445174]
[9037048, 5955932]
[4549112, 28498187]
[4016186, 17892042]
[13919546, 19925917]
[8560445, 13255008]
[11107006, 26226668]
[6733888, 9308192]
[8655041, 17906744]
[5009987, 7471400]
[7245796, 12695703]
[14603557, 6566365]
[13598602, 2765972]
[7385386, 14667607]
[5212459, 26887295]
[14796043, 10932795]
[4440460, 13965000]
[8839916, 17550277]
[14263598, 16475028]
[4484911, 9642450]
[14097776, 21514120]
[9221233, 8721945]
[13559186, 13271321]
[8417491, 14165838]
[14710357, 16603037]
[426551, 10425158]
[6084247, 36886686]
[4896890, 13498130]
[12494011, 4679641]
[3421214, 11674868]
[2559040, 22969764]
[12555266, 32885500]
[5277955, 17679947]
[3174277, 6924751]
[5489926, 17763510]
[12149575, 62738272]
[2630215, 14602076]
[987593, 32675989]
[549964, 21365111]
[3094477, 31817730]
[11631310, 9018952]
[2939662, 11059629]
[3359380, 31169180]
[6256670, 20867302]
[7001314, 45930002]
[13181732, 25371688]
[1020260, 21553134]
[8267045, 6149467]
[3373477, 17144812]
[10148326, 4769971]
[7960424, 5858464]
[7170730, 43410820]
[2278058, 10508788]
[9529387, 21806408]
[8383339, 27119655]
[13786924, 64550628]
[11249965, 6115196]
[10689005, 4522399]
[767470, 14519905]
[9178225, 13759276]
[13602359, 14912487]
[12717752, 19698455]
[13633018, 26179942]
[9423358, 30071118]
[11644159, 11220818]
[11023615, 5762429]
[1506752, 8305516]
[6276679, 7695193]
[10093768, 2029726]
[14320075, 22677880]
[3426637, 22311064]
[6328975, 10224496]
[14313937, 9128663]
[3486481, 5373898]
[141394, 9252355]
[4589011, 14200672]
[1845971, 28629828]
[13186327, 11797400]
[4041047, 14031411]
[2396315, 12440744]
[3068446, 182539]
[9675679, 1954374]
[47584, 35095140]
[12189664, 420785]
[4790432, 8511768]
[13412642, 27042755]
[2186915, 18151261]
[5712805, 12774647]
[456934, 36219768]
[2224553, 2986605]
[13153516, 6979986]
[4512301, 9316334]
[1752686, 15924512]
[9528241, 16159974]
[4258676, 16410367]
[3948532, 26887160]
[7687349, 1050994]
[2609014, 4548470]
[3635959, 13799398]
[4554811, 23211092]
[10866881, 14206024]
[13753729, 40485266]
[1422337, 15278610]
[8387521, 16102907]
[568195, 15383435]
[6593476, 18612575]
[254468, 29235478]
[7665733, 17006754]
[2617477, 11420851]
[14747845, 18794152]
[7682503, 28844690]
[13736456, 20468568]
[7599310, 18453338]
[5619982, 4202312]
[5456464, 11929549]
[1871761, 18242796]
[5585491, 31248048]
[13694551, 5113998]
[10530520, 8374113]
[9235036, 1919269]
[1215197, 8487012]
[12905822, 18217182]
[13037089, 42359264]
[8969828, 11215786]
[186532, 24856837]
[180136, 37103202]
[14702762, 24492865]
[8626540, 36343782]
[5535277, 8546216]
[13891822, 11503978]
[13574254, 6961764]
[12830830, 10452786]
[7387439, 14438736]
[13810351, 2713020]
[6118768, 23844228]
[14264242, 19016375]
[5486195, 19500842]
[1759669, 11334395]
[10843768, 7782604]
[12897209, 57328722]
[8230528, 7624074]
[14631682, 6976256]
[3823427, 25489361]
[2029381, 11178840]
[3471493, 19781393]
[9594950, 13270585]
[200519, 13397772]
[9391111, 4638340]
[11214919, 13114577]
[466312, 12883090]
[8578121, 4449744]
[6303562, 16425641]
[1086223, 1104929]
[11238160, 11841904]
[397970, 25567292]
[11815955, 23274111]
[368086, 3124175]
[6254171, 4103248]
[6739804, 48242388]
[14911390, 22834434]
[6487198, 23373293]
[647776, 20849756]
[688873, 7405944]
[14247337, 10157835]
[222698, 29292670]
[1993198, 18534621]
[719791, 28855434]
[12926449, 34982574]
[7166002, 12031475]
[9905267, 22025620]
[11238644, 14926997]
[2279414, 44407690]
[14400695, 19852454]
[7730104, 21654177]
[7175737, 19233568]
[1861241, 4045748]
[13062649, 23445179]
[9837370, 26389159]
[4503034, 28216593]
[2486014, 21375852]
[6134272, 15509497]
[9367360, 10940040]
[11366786, 374062]
[12913282, 262536]
[99656, 4435225]
[6239050, 35692084]
[1713739, 11341362]
[4704140, 1698355]
[1615501, 60439042]
[14019854, 6963790]
[13635344, 6302254]
[279889, 5615596]
[9610450, 5145118]
[5560723, 18436356]
[12290899, 25466530]
[3397846, 7092397]
[14999575, 24789042]
[9570967, 29325188]
[9134173, 7405146]
[6728734, 5129020]
[1199582, 29822808]
[822622, 25029905]
[2614367, 44996008]
[9422176, 2822194]
[7814497, 37969742]
[14312545, 28947180]
loop:1,1000
[5757988, 31567854]
[14223655, 3014275]
[6353191, 6827870]
[3927848, 13328453]
[5306090, 14612050]
[1178350, 26083279]
[9998833, 25213430]
[467506, 9466923]
[11106547, 28171364]
[14189302, 9809831]
[3590074, 2088632]
[9805562, 4774265]
[13441660, 9186361]
[6411007, 34637256]
[6955327, 23749507]
[14595839, 7916406]
[6718273, 10490697]
[8990914, 25125869]
[8697923, 6623837]
[4313860, 12654356]
[9349702, 57771546]
[8829449, 11235692]
[12629071, 3053642]
[5484880, 27696899]
[9682321, 42236830]
[6064532, 5065505]
[4321493, 20975863]
[5429530, 54870528]
[10914394, 6901450]
[4479707, 29341994]
[4384670, 8262169]
[1831840, 4534325]
[7089827, 22519839]
[9830051, 19164706]
[3220388, 10738508]
[9436006, 11903394]
[3266023, 37744377]
[7917544, 14103020]
[11329384, 5230116]
[12999208, 23599596]
[3907433, 22810790]
[12522346, 16197376]
[11826731, 16488019]
[4004656, 6046673]
[5345971, 11976363]
[2455348, 16214257]
[3488564, 14204535]
[11071031, 15046967]
[11848954, 27846801]
[6008954, 25018504]
[14720773, 12097274]
[5742409, 19634259]
[8464393, 14740790]
[3199120, 7846946]
[120529, 25434781]
[12128785, 20171724]
[1166291, 2470569]
[3683732, 15927082]
[14805652, 20484933]
[4890517, 19532358]
[4260566, 8452183]
[9825367, 5129860]
[415640, 15136349]
[12744730, 4647049]
[1971290, 3306964]
[5771482, 28964772]
[9998431, 12341549]
[14793887, 14707547]
[4174373, 3835592]
[7002341, 25334239]
[7766441, 29708197]
[12865771, 1296459]
[1916653, 14781685]
[11905582, 11658865]
[9723760, 23549983]
[8424499, 14868681]
[2329268, 9314986]
[12566452, 12644146]
[12264118, 23703644]
[6461686, 26555787]
[3426361, 8773550]
[2332345, 19794391]
[12461638, 19346828]
[13100998, 26506605]
[8839559, 15007049]
[6974987, 28269886]
[8366923, 11092770]
[1368844, 5962410]
[1859212, 18164224]
[13618829, 1718116]
[30862, 24393969]
[5759758, 5779208]
[11231503, 22410480]
[5159314, 12605016]
[13608467, 50614022]
[11985875, 18380208]
[397076, 28659868]
[5081749, 20130585]
[5816726, 17681790]
[2348438, 22208818]
[6825176, 19628144]
[13985372, 27482762]
[3168412, 18795704]
[1451612, 30397012]
[648413, 12821996]
[3292189, 36799149]
[5323423, 15301446]
[12423520, 26662121]
[5924768, 14744858]
[2492897, 4546381]
[8064673, 28239480]
[6472675, 19181250]
[6211366, 4708603]
[3141610, 23616269]
[13291243, 18380881]
[1638382, 16819970]
[13820719, 24775031]
[11915570, 28645597]
[9484786, 13734815]
[6788531, 11408405]
[8400761, 4981758]
[5848762, 14567034]
[12099068, 34570744]
[228028, 42764458]
[11267647, 10311933]
[14222147, 31143146]
[9393541, 22166836]
[11576902, 19141928]
[14174791, 43775040]
[682183, 22335807]
[11596295, 14488777]
[1055560, 17518729]
[13932808, 3828098]
[3101896, 26789546]
[3480265, 3429594]
[10100489, 15034704]
[57226, 19855805]
[11353483, 23657008]
[11542093, 15756333]
[12410894, 56114610]
[10210126, 6457701]
[829391, 25627554]
[14066257, 8556556]
[6519763, 65659602]
[14196307, 19789373]
[13916440, 37912094]
[3606689, 1394417]
[8243812, 2141218]
[11253604, 25569068]
[14085349, 8298833]
[13816999, 11701025]
[13467367, 19890019]
[7025959, 20166922]
[9109289, 48631924]
[9970859, 31499382]
[2720299, 8981975]
[2909230, 19285995]
[3907438, 23493457]
[11548144, 4290923]
[1537009, 18460467]
[14805298, 34012492]
[11647027, 81561250]
[11744947, 7473029]
[9528115, 27440110]
[5606005, 45157220]
[9921973, 5348284]
[1036918, 22277739]
[128567, 21795423]
[995512, 158258]
[613562, 47593170]
[12919933, 24526728]
[12444739, 29292986]
[3989444, 10395853]
[497287, 9958270]
[3640135, 21710634]
[13840396, 18043840]
[12186508, 6454848]
[11432332, 23141887]
[12953677, 19746189]
[1097422, 4812542]
[12694927, 6253517]
[13100623, 9117073]
[14675215, 8444722]
[122705, 6353968]
[9012310, 8887112]
[1937752, 46563518]
[4835930, 11685634]
[7316447, 6425093]
[8395556, 38665212]
[1157732, 6815547]
[5440936, 20886154]
[12563692, 2314559]
[12608749, 12832774]
[2319472, 23800239]
[7568947, 12532871]
[9249011, 14061725]
[1001204, 18882074]
[4110902, 10087809]
[7919158, 28977505]
[13958966, 20683960]
[5575543, 25876113]
[2844280, 19765126]
[12391354, 12439289]
[3510907, 65696726]
[11609470, 11431138]
[4307392, 6722747]
[8050441, 27692040]
[13422922, 69698154]
[6332428, 10552900]
[868877, 43338942]
[5163536, 5427564]
[4377296, 3970817]
[1277524, 5020030]
[9856214, 23345268]
[14148376, 23890233]
[7209625, 8022770]
[10982747, 19948440]
[7210781, 20582674]
[7499749, 7587965]
[11313319, 6447544]
[146729, 28087991]
[937705, 11993338]
[7874986, 11095688]
[465259, 10268316]
[9849007, 21185283]
[1797232, 16330585]
[10057714, 40458798]
[6469234, 10338986]
[5242546, 4345000]
[3811636, 8964000]
[13583669, 41046510]
[13237430, 1627436]
[13369783, 37382018]
[8144056, 3071640]
[2887289, 24262245]
[14811004, 19803802]
[10750397, 20964530]
[955361, 34810667]
[8052034, 7360316]
[9369667, 18111208]
[14642275, 23173594]
[9344005, 2425823]
[14532775, 5718835]
[10117384, 25189930]
[14729224, 9677171]
[5508874, 36762188]
[1432555, 22293141]
[9001996, 9192029]
[13462768, 19471640]
[4576016, 4810647]
[6262769, 123648]
[774355, 28373057]
[3173236, 14052425]
[134389, 6741180]
[7455416, 8356282]
[4244249, 14741369]
[10613117, 18472498]
[8597566, 6651368]
[8907076, 16067288]
[8232964, 8572057]
[10925444, 2265433]
[169732, 3589831]
[226438, 20209402]
[4372423, 11764529]
[4963850, 22140900]
[2914123, 28383804]
[12520907, 12042143]
[1147405, 14490412]
[5313679, 9333595]
[11166676, 18938468]
[11853848, 33983936]
[7103452, 22576569]
[3093217, 36260460]
[5152354, 2231206]
[2963749, 411910]
[12249446, 5717195]
[14245478, 10926222]
[10909799, 23875377]
[597166, 16834951]
[10851055, 7440928]
[2880943, 16814003]
[8415280, 13102590]
[7519217, 7088685]
[11319217, 17399192]
[7726069, 16556660]
[2685559, 20293640]
[666935, 7183704]
[10057273, 8168273]
[1682042, 13276553]
[10511611, 26745819]
[6543611, 14442818]
[2333948, 12897313]
[61822, 2656939]
[8629631, 17436100]
[14235523, 18669621]
[9580165, 14091159]
[12910471, 5156721]
[8088071, 18410952]
[11139913, 8153200]
[5655949, 17914592]
[9938063, 7656348]
[7213007, 17209581]
[14227601, 11853073]
[10108177, 22613758]
[8660498, 10359701]
[5675411, 20024645]
[10598551, 19228528]
[4283161, 16525845]
[4686107, 18637915]
[7943515, 7204296]
[2738524, 10852655]
[7337885, 15551360]
[13893343, 28515507]
[8112032, 27100766]
[4004386, 13592638]
[444515, 23651372]
[3786149, 16891301]
[6611750, 9007490]
[10862569, 10978045]
[11440430, 24753856]
[12729203, 8063472]
[649141, 29104086]
[14035319, 8954393]
[11679224, 5666617]
[6905272, 24490395]
[5924089, 52050032]
[467513, 27344551]
[4845817, 7142912]
[8239810, 15953746]
[6808195, 21799542]
[5124229, 707461]
[3553289, 26158890]
[11471821, 45558908]
[1539533, 22923261]
[1882958, 2835760]
[1192208, 13862255]
[13327315, 20060386]
[13363795, 46816928]
[2032213, 9947769]
[5324822, 1870964]
[11537303, 5098214]
[5125016, 32670776]
[734680, 42527500]
[4875995, 1975406]
[11241436, 12929887]
[2003614, 15143396]
[13554722, 39571768]
[5391460, 26849542]
[4074475, 8784374]
[2639534, 8048823]
[7271920, 10404132]
[5705713, 24157960]
[7811377, 28249144]
[11458289, 18149796]
[11915380, 5454194]
[5248117, 3727801]
[1889206, 9443339]
[8547064, 7976272]
[10319353, 27748811]
[4789436, 11965965]
[1475198, 23337722]
[11622592, 4398627]
[9675907, 13240436]
[5519051, 233213]
[7099724, 11504847]
[1445138, 9086968]
[4634899, 28435167]
[4381651, 56606278]
[2278870, 854014]
[6581143, 28739841]
[11400919, 3353270]
[3200728, 18982287]
[7676057, 24991573]
[11916826, 20494660]
[10110874, 706187]
[10041694, 32303238]
[2272351, 13196340]
[2453218, 22778324]
[9609763, 49722332]
[11383589, 11052254]
[9592871, 11017582]
[5252842, 14277622]
[9200683, 12931072]
[2981618, 36066550]
[7181812, 41129756]
[369781, 5337812]
[2627768, 21335460]
[2692795, 8382992]
[9333502, 3184572]
[2603008, 10643159]
[3701504, 6223295]
[8534725, 29617422]
[5155846, 4008015]
[4631879, 10329512]
[11214983, 5677557]
[10149256, 4031908]
[8723722, 28064295]
[3090635, 5726673]
[4293583, 16311690]
[14650513, 29267500]
[14355025, 23040056]
[11544593, 23730461]
[10704787, 17803205]
[9481300, 15545203]
[7660244, 5666659]
[2579158, 5245140]
[1528856, 12450799]
[10874521, 2144947]
[8363354, 789801]
[11977118, 31517394]
[13990175, 11024965]
[10735138, 37633302]
[4020838, 17783112]
[7619686, 4585758]
[1442983, 6706313]
[10797799, 27240121]
[13945003, 3560041]
[5348779, 8667006]
[14764972, 5367790]
[144685, 13463406]
[5364398, 1953787]
[4865968, 6215529]
[4458934, 48734956]
[9572086, 6561485]
[3729398, 16437702]
[7606585, 32475910]
[3575609, 16111939]
[10944890, 16242114]
[4927738, 1987350]
[10578559, 1466578]
[4166399, 25050077]
[947905, 16556942]
[11931073, 26748413]
[1337284, 6477186]
[4906564, 1040693]
[5319301, 23081583]
[14083271, 30491073]
[2891152, 15568975]
[3934864, 10759471]
[14882900, 18224745]
[1126612, 2765578]
[11385751, 41590188]
[12787351, 9874619]
[9777623, 27492504]
[9999385, 21781324]
[9466459, 27527140]
[9841693, 56963702]
[6023965, 22754098]
[5007646, 23748622]
[1853089, 4181925]
[975010, 32721478]
[6793379, 13418766]
[14714344, 27999167]
[2886763, 27488626]
[7212205, 4424526]
[1378285, 24000922]
[4228142, 30892430]
[10014385, 12400987]
[10880563, 15189343]
[11289913, 12912640]
[5685625, 21787873]
[6368378, 23295975]
[12714811, 16152223]
[7406140, 35902476]
loop:2,464
2,1464
